<?xml version="1.0"?>
<opencv_storage>
<calibration_Time>"05/27/14 13:57:33"</calibration_Time>
<nrOfFrames>25</nrOfFrames>
<image_Width>640</image_Width>
<image_Height>480</image_Height>
<board_Width>8</board_Width>
<board_Height>6</board_Height>
<square_Size>50.</square_Size>
<FixAspectRatio>1.</FixAspectRatio>
<!-- flags:  +fix_aspectRatio +fix_principal_point +zero_tangent_dist -->
<flagValue>14</flagValue>
<Camera_Matrix type_id="opencv-matrix">
  <rows>3</rows>
  <cols>3</cols>
  <dt>d</dt>
  <data>
    7.0732846736204726e+002 0. 3.1950000000000000e+002 0.
    7.0732846736204726e+002 2.3950000000000000e+002 0. 0. 1.</data></Camera_Matrix>
<Distortion_Coefficients type_id="opencv-matrix">
  <rows>5</rows>
  <cols>1</cols>
  <dt>d</dt>
  <data>
    2.0837756647828853e-001 -1.5082628939412381e+000 0. 0.
    3.0168939516216660e+000</data></Distortion_Coefficients>
<Avg_Reprojection_Error>8.5174426509302537e-001</Avg_Reprojection_Error>
<Per_View_Reprojection_Errors type_id="opencv-matrix">
  <rows>25</rows>
  <cols>1</cols>
  <dt>f</dt>
  <data>
    5.57004273e-001 6.40559614e-001 6.49786770e-001 8.01716089e-001
    7.10139573e-001 5.99045277e-001 8.42225552e-001 9.12904859e-001
    8.43067706e-001 7.32008219e-001 5.99793971e-001 7.02096581e-001
    6.22269869e-001 6.46036565e-001 8.20548177e-001 7.60954559e-001
    8.05171788e-001 1.12372160e+000 9.77621436e-001 1.00347698e+000
    6.84399664e-001 6.34382546e-001 9.61521983e-001 1.59758997e+000
    1.25204754e+000</data></Per_View_Reprojection_Errors>
<!-- a set of 6-tuples (rotation vector + translation vector) for each view -->
<Extrinsic_Parameters type_id="opencv-matrix">
  <rows>25</rows>
  <cols>6</cols>
  <dt>d</dt>
  <data>
    -4.3307324226336313e-001 5.7528712257399134e-003
    2.6260753379763017e-002 -1.5709763905629032e+002
    -9.1238275745132796e+001 1.0858052039918823e+003
    -4.1631390187419309e-001 6.9313554815260891e-003
    2.8514136357028888e-002 -1.6198862244768091e+002
    -9.1638172284866371e+001 1.0833127344401939e+003
    -3.9090405665034689e-001 1.8572602774292731e-002
    3.0003586718202437e-002 -1.6595007431509561e+002
    -8.9770417623401926e+001 1.0799771856462380e+003
    -3.7360045502857581e-001 -8.6835477949832752e-003
    3.1615002371830563e-002 -1.6268867382081470e+002
    -8.9891210412630258e+001 1.0625979434300905e+003
    -3.6264354987366643e-001 -3.7798339343267706e-002
    4.3329358786185317e-002 -1.5325439251724316e+002
    -9.4796853938308843e+001 1.0349553535440978e+003
    -3.5653448257845233e-001 -1.1110377103736861e-002
    4.2285873403693518e-002 -1.5618040267373965e+002
    -9.4261944782294265e+001 1.0332643845170935e+003
    -3.9783785127488269e-001 -6.3742147763223136e-002
    8.0697629966135810e-003 -1.5036593126345653e+002
    -1.0330938885317553e+002 1.0024858233519215e+003
    -4.0002238023738812e-001 -8.1272266590191364e-002
    -5.8257520559272273e-003 -1.3014696272107554e+002
    -1.2116177034196674e+002 9.6122847502385412e+002
    -3.9233911923210030e-001 -6.8877240448705801e-002
    -8.9165245776920785e-003 -1.0753158401049895e+002
    -1.3869802419700505e+002 9.3089762095713058e+002
    -3.5738840374488406e-001 -2.6645188195210036e-002
    1.1817971577833901e-002 -9.0201631391981806e+001
    -1.6326893279285770e+002 9.0966278981487767e+002
    -3.2454487695036205e-001 1.1389472511310219e-002
    1.2668263323252519e-002 -8.4210098455744998e+001
    -1.8982649096988612e+002 8.8810747667812655e+002
    -3.2711652078252335e-001 1.3021531152488334e-002
    -4.3693369888161884e-003 -7.8144805679357802e+001
    -1.9885096058647818e+002 8.8013043172428672e+002
    -3.3307358253860081e-001 2.4653463598205951e-002
    -1.3212410082726202e-002 -6.9788520987806564e+001
    -2.0689533210216408e+002 8.8351412034328450e+002
    -3.2891006006748602e-001 2.3778337709469233e-002
    -1.7888102707769499e-002 -6.6533910120118804e+001
    -2.1377358912837451e+002 8.8356563882433511e+002
    -3.3284069385340165e-001 -7.3355333276323093e-003
    -2.8087250554693560e-002 -5.4565191003591359e+001
    -2.1653566619204923e+002 8.7446577641440183e+002
    -3.2542747830747509e-001 -5.0908859889177427e-003
    -2.2668152081957410e-002 -4.6458579673748829e+001
    -2.1842738666566541e+002 8.7587794955815400e+002
    -2.8965968567345096e-001 2.7773414402143027e-002
    1.3963218485506179e-003 -5.0264423748552424e+001
    -2.2017064596741835e+002 8.8345346163830902e+002
    -2.9510473816470884e-001 8.3663891953296238e-002
    9.7036195908202054e-003 -8.7096076164711093e+001
    -2.1787910503447080e+002 8.8664273937171390e+002
    -3.2759915121832872e-001 1.7456399626599164e-001
    7.7192186609211337e-003 -1.6231134848828731e+002
    -2.1797407868421689e+002 8.8320391095863852e+002
    -3.2361526353580905e-001 2.2569277703556964e-001
    1.2510729670422004e-003 -2.2272198591877520e+002
    -2.1293835995600423e+002 8.7654702064714945e+002
    -2.9420892988708430e-001 2.1681344021926274e-001
    -4.2159602826555342e-002 -3.1469832006957665e+002
    -1.9953658009208709e+002 8.7754977766148602e+002
    -2.5554147643155584e-001 2.0970369436455696e-001
    -3.4117776880771389e-002 -3.5893205883631362e+002
    -1.7843217051678147e+002 8.8198037294892799e+002
    -7.3676628889831036e-002 1.1789817758146974e-001
    1.8407611922310984e-003 -3.8734722541894007e+002
    1.4079233244790528e+001 9.1204993814570651e+002
    -2.0384251169955248e-001 -5.9444967595584423e-002
    4.0749068656145401e-002 -1.2728079971780899e+002
    7.9748342900503495e+000 9.2299521644875290e+002
    -2.2961996889321093e-001 -6.7103853941698252e-002
    5.2225109011671801e-002 -8.9716587607033176e+001
    3.4919370112903430e+000 9.2648937323289363e+002</data></Extrinsic_Parameters>
